[header]
width=72
height=32
tilewidth=50
tileheight=50
orientation=orthogonal

[tilesets]
tileset=golden_gear_spritesheet.png,50,50,0,0

[layer]
type=tileLayer
data=
8,8,8,8,8,8,8,8,8,8,8,8,8,8,8,8,8,8,8,8,8,8,8,8,13,8,8,8,8,8,8,8,8,8,8,8,8,8,8,8,8,8,8,8,8,8,8,8,8,8,8,8,8,8,8,8,8,8,8,8,8,8,8,8,8,8,8,8,8,8,8,8,
14,19,19,19,19,19,19,19,19,19,19,19,19,19,19,19,19,19,19,19,19,19,19,19,19,19,19,19,19,19,19,19,19,19,19,19,19,19,19,19,19,19,19,19,19,19,19,19,19,19,19,19,19,19,19,19,19,19,19,19,19,19,19,19,19,19,19,19,19,19,19,14,
3,19,19,19,19,19,19,19,19,19,19,19,19,19,19,19,19,19,19,19,19,19,19,19,19,19,19,19,19,19,19,19,19,19,19,19,19,19,19,19,19,19,19,19,19,19,19,19,19,19,19,19,19,19,19,19,19,19,19,19,19,19,19,19,19,19,19,19,19,19,19,1,
6,19,19,19,19,19,19,19,19,19,19,19,19,19,19,19,19,19,19,19,19,19,19,19,19,19,19,19,19,19,19,19,19,19,19,19,19,19,19,19,19,19,19,19,19,19,19,19,19,19,19,19,19,19,19,19,19,19,19,19,19,19,19,19,19,19,19,19,19,19,19,4,
6,19,19,19,19,19,19,19,14,14,19,19,19,19,1,3,19,19,19,19,19,19,19,19,19,19,19,19,19,19,19,19,19,19,19,19,19,19,19,19,19,19,19,19,19,19,19,19,19,19,19,19,19,19,19,19,19,19,19,19,19,19,19,19,19,19,19,19,19,19,19,4,
6,19,19,19,19,19,19,19,14,14,19,19,19,19,4,12,19,19,19,19,19,19,19,19,19,19,19,19,19,19,19,19,19,19,19,19,19,19,19,19,19,19,19,19,19,19,19,19,19,19,19,19,19,19,19,19,19,19,19,19,19,19,19,19,19,19,19,19,19,19,19,4,
6,19,19,19,19,19,19,19,14,14,14,19,19,19,7,9,19,19,19,19,19,19,19,19,19,19,19,19,19,19,19,19,19,19,19,19,19,19,19,19,19,19,19,19,19,19,19,19,19,19,19,19,19,19,19,19,19,19,19,19,19,19,19,19,19,19,19,19,19,19,19,4,
6,19,19,19,19,19,19,19,16,17,17,17,17,17,17,18,19,19,19,19,19,19,19,19,19,19,19,19,19,19,19,19,19,19,19,19,19,19,19,19,19,19,19,19,19,19,19,19,19,19,19,19,19,19,19,19,19,19,19,19,19,19,19,19,19,19,19,19,19,19,19,4,
6,19,19,19,19,19,19,19,19,19,19,19,19,19,19,19,19,19,19,19,19,19,19,19,19,19,19,19,19,20,19,19,19,19,19,19,19,19,19,19,19,19,19,19,19,19,19,19,19,19,19,19,19,19,19,19,19,19,19,19,19,19,19,19,19,19,19,19,19,19,19,4,
6,19,19,19,19,19,19,20,19,19,19,20,19,19,19,20,19,19,19,20,19,19,19,19,19,19,19,19,19,19,19,19,19,19,19,19,19,19,19,19,19,19,19,19,19,19,19,19,19,19,19,19,19,19,19,19,19,19,19,19,19,19,19,19,19,19,19,19,19,19,19,4,
6,19,19,19,19,19,19,19,19,19,19,19,19,19,19,19,19,19,19,19,19,19,19,19,19,19,19,19,19,19,19,19,19,19,19,19,19,19,19,19,19,19,19,19,19,19,19,19,19,19,19,19,19,19,19,19,19,19,19,19,19,19,19,19,19,19,19,19,19,19,19,4,
6,19,19,19,19,19,19,19,19,19,19,19,19,19,19,19,19,19,19,19,19,19,19,19,19,19,19,19,1,3,14,19,19,20,19,19,19,20,19,19,19,19,19,19,19,19,19,19,19,19,19,19,19,19,19,19,19,19,19,19,19,19,19,19,19,19,19,19,19,19,19,4,
6,19,19,19,19,19,1,10,3,19,19,19,19,19,19,14,19,19,19,19,19,19,19,19,19,19,19,19,11,6,14,14,14,19,19,19,19,19,19,19,19,19,19,19,19,19,19,19,19,19,19,19,19,19,19,19,19,19,19,19,19,19,19,19,19,19,19,19,19,19,19,4,
6,19,19,19,19,19,7,8,9,19,19,19,19,19,14,14,14,19,19,19,19,19,19,19,19,19,19,19,7,9,14,14,14,14,14,14,19,19,19,19,19,19,19,19,19,19,19,19,19,19,19,19,19,19,14,19,19,19,19,19,19,19,19,19,19,19,19,19,19,19,19,4,
6,19,19,19,19,16,17,17,17,17,17,17,17,17,17,17,17,17,17,17,17,18,19,19,19,19,19,16,1,2,2,2,2,2,2,2,2,2,2,3,18,19,19,19,19,19,19,19,19,19,19,19,19,19,1,3,19,19,19,19,19,19,19,19,19,19,19,19,19,19,19,4,
6,19,19,19,19,19,19,19,19,19,19,19,19,19,19,19,19,19,19,19,19,19,19,19,19,19,19,16,7,8,8,8,8,8,8,8,13,8,8,9,17,17,17,17,17,18,19,19,19,19,19,19,19,19,4,6,19,20,19,19,19,20,19,19,19,19,19,19,19,19,19,4,
6,19,19,19,19,19,19,19,19,19,19,19,19,19,19,19,19,19,19,19,19,19,19,19,19,19,19,19,19,19,19,19,19,19,19,19,19,19,19,19,19,19,19,16,17,17,17,17,17,17,18,19,19,19,4,6,14,14,19,19,19,19,19,19,19,19,19,19,19,19,19,4,
6,19,19,19,19,19,19,19,19,19,19,19,19,19,19,19,19,19,19,19,19,19,19,19,19,19,19,19,19,19,19,19,19,19,19,19,19,19,19,19,19,19,19,19,19,19,19,19,19,19,19,19,19,19,11,6,14,14,14,14,19,19,19,19,19,19,19,19,19,19,19,4,
6,19,19,19,19,19,19,19,19,19,19,1,2,2,3,19,19,19,19,19,19,19,19,19,19,19,19,19,19,19,19,19,19,19,19,19,19,19,19,19,19,19,19,19,19,19,19,19,19,19,19,19,19,19,7,9,14,14,14,14,14,14,14,19,19,19,19,19,19,19,19,4,
6,19,19,19,19,19,19,19,19,19,19,4,5,5,12,19,19,19,19,19,19,19,19,19,19,19,19,19,19,19,19,19,19,19,19,19,19,19,16,17,17,17,17,17,17,17,18,19,19,19,19,19,19,16,1,2,2,2,2,2,2,2,3,19,19,19,19,19,19,19,19,4,
6,19,19,19,19,19,19,19,19,19,16,4,5,5,6,18,19,19,19,19,19,19,19,19,19,19,19,19,19,19,19,19,19,19,19,19,19,19,19,19,19,19,19,19,19,19,19,19,19,19,19,19,19,19,7,8,8,13,8,8,8,8,9,19,19,19,14,19,19,19,19,4,
6,19,19,19,19,16,18,19,19,19,19,4,5,5,6,19,19,19,19,19,19,19,19,19,19,19,19,19,19,19,19,19,19,19,19,19,19,19,19,19,19,19,19,19,19,19,19,19,19,19,19,19,19,19,19,19,19,19,19,19,19,20,19,19,19,14,14,19,19,19,19,4,
6,19,19,19,19,19,19,19,19,19,16,4,5,5,6,18,19,19,19,19,19,19,19,19,19,19,19,19,19,19,19,19,19,19,19,19,19,19,19,19,19,19,19,19,19,19,19,19,19,19,19,19,19,19,19,19,19,19,19,19,19,19,19,19,14,14,14,14,19,19,19,4,
6,19,19,19,19,19,19,19,19,19,19,7,8,8,9,19,19,19,19,19,19,19,19,19,19,19,19,19,14,14,14,14,19,19,19,19,19,19,19,19,19,19,19,19,19,19,19,19,19,19,19,19,19,19,19,19,19,19,16,17,17,17,17,17,17,17,17,18,19,19,19,4,
6,19,19,19,19,19,20,19,14,19,20,19,19,19,20,19,19,19,20,19,19,19,20,19,19,19,20,19,14,14,14,14,14,14,14,14,14,14,19,19,19,19,20,19,19,19,19,19,19,19,19,19,19,19,19,19,19,19,19,19,19,19,19,19,19,19,19,19,19,19,19,4,
6,19,21,19,19,19,19,14,14,19,19,19,19,19,19,19,19,19,19,19,19,19,19,19,19,19,19,19,14,14,14,14,14,14,14,14,14,14,19,19,19,19,19,19,19,19,19,19,19,19,19,19,19,19,19,19,19,19,19,19,19,19,19,19,19,19,19,19,19,19,19,4,
9,19,22,19,19,19,14,14,14,19,19,19,19,19,19,19,19,19,19,19,19,19,19,19,19,19,19,19,14,14,14,14,14,14,14,14,14,14,14,19,19,19,19,19,19,19,19,19,19,19,19,19,19,19,19,19,19,19,19,19,19,19,19,19,19,19,19,19,19,19,19,4,
1,2,2,2,2,2,2,2,2,2,2,2,2,2,2,2,2,2,2,2,3,15,15,15,15,15,15,15,1,2,2,2,2,2,2,2,2,2,2,3,19,19,19,19,19,19,19,19,19,19,19,19,19,19,19,19,19,19,19,19,19,19,19,19,19,19,19,19,19,19,19,4,
4,5,5,5,5,5,5,5,5,5,5,5,5,5,5,5,5,5,5,5,6,19,19,19,19,19,19,19,4,5,5,5,5,5,5,5,5,5,5,6,19,19,19,19,19,19,19,19,19,19,19,19,19,19,19,19,19,19,19,19,19,19,19,19,19,19,19,19,19,19,19,4,
4,5,5,5,5,5,5,5,5,5,5,5,5,5,5,5,5,5,5,5,6,19,19,19,23,19,19,19,4,5,5,5,5,5,5,5,5,5,5,6,19,19,19,19,19,19,19,19,19,19,19,19,19,19,19,19,19,19,19,19,19,19,19,19,19,19,19,19,19,19,19,4,
4,5,5,5,5,5,5,5,5,5,5,5,5,5,5,5,5,5,5,5,6,19,14,19,24,19,14,19,4,5,5,5,5,5,5,5,5,5,5,6,19,19,19,19,19,16,17,17,17,17,17,17,17,17,17,17,17,17,18,19,19,19,19,19,19,19,19,19,19,19,19,4,
4,5,5,5,5,5,5,5,5,5,5,5,5,5,5,5,5,5,5,5,6,17,1,2,2,2,3,17,4,5,5,5,5,5,5,5,5,5,5,6,19,19,19,19,19,19,19,19,19,19,19,19,19,19,19,19,19,19,19,19,19,19,19,19,19,19,1,2,2,10,3,4

[objectLayer]
# gear
type=gear
location=8,23,1,1

[objectLayer]
# gear
type=gear
location=10,26,1,1

[objectLayer]
# gear
type=gear
location=12,26,1,1

[objectLayer]
# gear
type=gear
location=14,26,1,1

[objectLayer]
# gear
type=gear
location=16,26,1,1

[objectLayer]
# gear
type=gear
location=18,26,1,1

[objectLayer]
# gear
type=gear
location=20,26,1,1

[objectLayer]
# gear
type=gear
location=22,26,1,1

[objectLayer]
# gear
type=gear
location=24,26,1,1

[objectLayer]
# gear
type=gear
location=26,26,1,1

[objectLayer]
# gear
type=gear
location=5,20,1,1

[objectLayer]
# gear
type=gear
location=11,17,1,1

[objectLayer]
# gear
type=gear
location=13,17,1,1

[objectLayer]
# gear
type=gear
location=18,20,1,1

[objectLayer]
# gear
type=gear
location=22,20,1,1

[objectLayer]
# gear
type=gear
location=26,21,1,1

[objectLayer]
# gear
type=gear
location=29,22,1,1

[objectLayer]
# gear
type=gear
location=31,22,1,1

[objectLayer]
# gear
type=gear
location=33,23,1,1

[objectLayer]
# gear
type=gear
location=35,23,1,1

[objectLayer]
# gear
type=gear
location=37,23,1,1

[objectLayer]
# gear
type=gear
location=36,18,1,1

[objectLayer]
# gear
type=gear
location=39,18,1,1

[objectLayer]
# gear
type=gear
location=42,18,1,1

[objectLayer]
# gear
type=gear
location=45,18,1,1

[objectLayer]
# gear
type=gear
location=48,18,1,1

[objectLayer]
# gear
type=gear
location=50,18,1,1

[objectLayer]
# gear
type=gear
location=52,18,1,1

[objectLayer]
# gear
type=gear
location=46,29,1,1

[objectLayer]
# gear
type=gear
location=48,29,1,1

[objectLayer]
# gear
type=gear
location=50,29,1,1

[objectLayer]
# gear
type=gear
location=53,29,1,1

[objectLayer]
# gear
type=gear
location=55,29,1,1

[objectLayer]
# gear
type=gear
location=57,29,1,1

[objectLayer]
# gear
type=gear
location=59,23,1,1

[objectLayer]
# gear
type=gear
location=61,23,1,1

[objectLayer]
# gear
type=gear
location=57,25,1,1

[objectLayer]
# gear
type=gear
location=64,20,1,1

[objectLayer]
# gear
type=gear
location=67,21,1,1

[objectLayer]
# gear
type=gear
location=61,17,1,1

[objectLayer]
# gear
type=gear
location=59,16,1,1

[objectLayer]
# gear
type=gear
location=57,15,1,1

[objectLayer]
# gear
type=gear
location=49,15,1,1

[objectLayer]
# gear
type=gear
location=47,15,1,1

[objectLayer]
# gear
type=gear
location=44,14,1,1

[objectLayer]
# gear
type=gear
location=42,14,1,1

[objectLayer]
# gear
type=gear
location=39,13,1,1

[objectLayer]
# gear
type=gear
location=37,13,1,1

[objectLayer]
# gear
type=gear
location=34,12,1,1

[objectLayer]
# gear
type=gear
location=32,10,1,1

[objectLayer]
# gear
type=gear
location=29,10,1,1

[objectLayer]
# gear
type=gear
location=26,13,1,1

[objectLayer]
# gear
type=gear
location=23,13,1,1

[objectLayer]
# gear
type=gear
location=20,13,1,1

[objectLayer]
# gear
type=gear
location=17,12,1,1

[objectLayer]
# gear
type=gear
location=15,11,1,1

[objectLayer]
# gear
type=gear
location=13,12,1,1

[objectLayer]
# gear
type=gear
location=11,13,1,1

[objectLayer]
# gear
type=gear
location=7,11,1,1

[objectLayer]
# gear
type=gear
location=7,9,1,1

[objectLayer]
# gear
type=gear
location=7,7,1,1

[objectLayer]
# gear
type=gear
location=7,5,1,1

[objectLayer]
# gear
type=gear
location=7,3,1,1

[objectLayer]
# gear
type=gear
location=12,6,1,1

[objectLayer]
# gear
type=gear
location=15,3,1,1

[objectLayer]
# gear
type=gear
location=18,6,1,1

[objectLayer]
# gear
type=gear
location=20,6,1,1

[objectLayer]
# gear
type=gear
location=23,6,1,1

[objectLayer]
# gear
type=gear
location=24,2,1,1

[objectLayer]
# gear
type=gear
location=24,4,1,1

[objectLayer]
# gear
type=gear
location=25,6,1,1

[objectLayer]
# gear
type=gear
location=28,6,1,1

[objectLayer]
# gear
type=gear
location=30,8,1,1

[objectLayer]
# gear
type=gear
location=24,8,1,1

[objectLayer]
# gear
type=gear
location=24,11,1,1

[objectLayer]
# gear
type=gear
location=24,15,1,1

[objectLayer]
# gear
type=gear
location=24,18,1,1

[objectLayer]
# gear
type=gear
location=24,23,1,1

[objectLayer]
# gear
type=gear
location=22,30,1,1

[objectLayer]
# gear
type=gear
location=26,30,1,1

[objectLayer]
# gear
type=gear
location=57,27,1,1

[objectLayer]
# gear
type=gear
location=67,30,1,1

[objectLayer]
# star
type=star
location=68,16,1,1

[objectLayer]
# crab
type=crab
location=51,30,1,1

[objectLayer]
# player
type=player
location=2,27,1,1
