[header]
width=20
height=20
tilewidth=16
tileheight=16
orientation=orthogonal

[tilesets]
tileset=../../../../Gamepro/CS3113/assets/graphics/Platformer assets pixel (900 assets)/spritesheet_rgba.png,23,23,0,0

[layer]
type=Background
data=
875,875,875,875,875,875,875,875,875,875,875,875,875,875,875,875,875,875,875,875,
875,725,725,725,725,725,725,725,725,725,725,725,725,725,725,725,725,725,725,875,
875,725,725,725,875,875,725,875,875,875,875,875,725,725,725,725,725,725,725,875,
875,725,725,875,692,692,875,692,692,692,692,692,875,875,725,725,725,725,725,875,
875,725,875,692,692,875,692,692,692,692,692,692,692,692,875,725,725,725,725,875,
875,725,875,692,692,692,692,692,875,692,875,692,692,692,692,875,725,725,725,875,
875,725,875,692,692,692,692,692,875,692,875,692,692,692,692,875,725,725,725,875,
875,725,875,692,692,692,692,692,875,692,875,692,692,692,692,692,875,725,725,875,
875,725,875,692,692,875,875,875,692,692,692,875,875,875,692,692,692,875,725,875,
875,725,875,692,692,692,692,692,692,692,692,692,692,692,692,692,692,875,725,875,
875,725,725,875,692,692,692,692,692,875,692,692,692,692,722,692,692,875,725,875,
875,725,725,875,692,692,692,692,692,875,692,692,692,722,875,875,875,725,725,875,
875,725,725,875,692,692,692,692,692,692,692,692,722,875,692,692,692,875,725,875,
875,725,725,725,875,692,692,692,692,692,692,692,875,692,692,692,692,875,725,875,
875,725,725,725,875,875,692,692,692,692,692,722,875,692,692,692,692,875,725,875,
875,725,725,875,692,692,875,875,692,692,692,875,692,692,692,692,875,725,725,875,
875,725,875,692,692,692,692,692,875,875,875,875,875,692,692,875,725,725,725,875,
875,725,725,875,875,875,875,875,875,725,725,725,875,875,875,725,725,725,725,875,
875,725,725,725,725,725,725,725,725,725,725,725,725,725,725,725,725,725,725,875,
875,875,875,875,875,875,875,875,875,875,875,875,875,875,875,875,875,875,875,875

[Entity]
# PowerUp
type=PowerUp
location=17,18,1,1

[Entity]
# PowerUp
type=PowerUp
location=1,2,1,1

[Entity]
# Jewel
type=Jewel
location=5,2,1,1

[Entity]
# Jewel
type=Jewel
location=13,2,1,1

[Entity]
# Jewel
type=Jewel
location=16,4,1,1

[Entity]
# Jewel
type=Jewel
location=17,12,1,1

[Entity]
# Jewel
type=Jewel
location=16,17,1,1

[Entity]
# Jewel
type=Jewel
location=10,18,1,1

[Entity]
# Jewel
type=Jewel
location=1,14,1,1

[Entity]
# Enemy
type=Enemy
location=17,6,1,1

[Entity]
# Player
type=Player
location=6,19,1,1

