[header]
width=32
height=32
tilewidth=18
tileheight=18
orientation=orthogonal

[tilesets]
tileset=../../../Gamepro/CS3113/assets/graphics/Platformer assets pixel (900 assets)/spritesheet_rgba.png,23,23,0,0

[layer]
type=Tile Layer 1
data=
874,874,874,874,874,874,874,874,874,874,874,874,874,874,874,874,874,874,874,874,874,874,874,874,874,874,874,874,874,874,874,874,
874,757,757,757,757,757,757,757,757,757,757,757,757,757,757,757,757,757,757,757,757,757,757,757,757,757,757,757,757,757,757,874,
874,757,874,874,874,874,874,874,874,757,874,874,874,874,874,874,757,874,874,874,874,874,757,874,874,874,874,874,874,874,757,874,
874,757,874,874,874,874,874,874,874,757,874,757,757,757,757,757,757,757,757,757,757,874,757,874,874,874,874,874,874,874,757,874,
874,757,874,874,874,874,874,874,874,757,757,757,874,874,874,874,874,874,874,874,757,757,757,874,874,874,874,874,874,874,757,874,
874,757,874,874,874,874,874,874,874,757,874,757,757,757,757,757,757,757,757,757,757,874,757,874,874,874,874,874,874,874,757,874,
874,757,874,874,874,874,874,874,874,757,874,874,874,874,874,757,874,874,874,874,874,874,757,874,874,874,874,874,874,874,757,874,
874,757,757,757,757,757,757,757,757,757,757,757,757,757,757,757,757,757,757,757,757,757,757,757,757,757,757,757,757,757,757,874,
874,757,874,874,874,874,874,874,874,757,874,874,874,874,874,874,874,874,874,874,874,874,757,874,874,874,874,874,874,874,757,874,
874,757,874,874,874,874,874,874,874,757,874,874,757,757,757,757,757,757,757,874,874,874,757,874,874,874,874,874,874,874,757,874,
874,757,757,757,757,757,757,757,757,757,874,874,757,874,874,874,874,874,757,874,874,874,757,757,757,757,757,757,757,757,757,874,
874,757,874,874,874,874,874,874,874,757,874,874,757,757,757,757,757,757,757,874,874,874,757,874,874,874,874,874,874,874,757,874,
874,757,757,757,757,874,874,757,757,757,874,874,874,874,874,874,874,874,874,874,874,874,757,757,757,874,874,757,757,757,757,874,
874,757,874,874,757,874,874,757,874,757,757,757,757,757,757,757,757,757,757,757,757,757,757,874,757,874,874,757,874,874,757,874,
874,757,874,874,757,874,874,757,874,874,874,874,874,874,874,874,874,874,874,874,874,874,874,874,757,874,874,757,874,874,757,874,
874,757,874,874,757,874,874,757,874,874,757,874,874,874,757,757,757,874,874,757,874,874,874,874,757,874,874,757,874,874,757,874,
874,757,874,874,757,874,874,757,874,874,757,874,874,874,757,874,757,874,874,757,874,874,874,874,757,874,874,757,874,874,757,874,
874,757,874,874,757,874,874,757,874,874,757,757,874,874,757,757,757,874,874,757,757,757,874,874,757,874,874,757,874,874,757,874,
874,757,874,874,757,874,874,757,874,874,874,874,874,874,874,874,874,874,874,874,874,874,874,874,757,874,874,757,874,874,757,874,
874,757,757,757,757,757,757,757,757,757,757,757,757,757,757,757,757,757,757,757,757,757,757,757,757,757,757,757,757,757,757,874,
874,874,874,874,874,874,874,874,874,874,757,874,874,757,874,874,874,874,757,874,874,757,874,874,874,874,874,874,874,874,874,874,
874,757,757,757,757,757,757,757,757,757,757,874,874,757,874,874,874,874,757,874,874,757,757,757,757,757,757,757,757,757,757,874,
874,757,874,874,874,874,874,874,874,874,757,874,874,757,874,874,874,874,757,874,874,757,874,874,874,874,874,874,874,874,757,874,
874,757,874,874,874,874,874,874,874,874,757,874,874,757,874,874,874,874,757,874,874,757,874,874,874,874,874,874,874,874,757,874,
874,757,757,757,757,757,757,757,757,757,757,757,757,757,757,757,757,757,757,757,757,757,757,757,757,757,757,757,757,757,757,874,
874,757,874,874,874,874,874,874,874,874,757,874,874,874,874,874,757,874,874,874,874,757,874,874,874,874,874,874,874,874,757,874,
874,757,874,874,874,874,874,874,874,874,757,874,757,757,757,757,757,757,757,757,874,757,874,874,874,874,874,874,874,874,757,874,
874,757,874,874,874,874,874,874,874,874,757,757,757,874,874,874,874,874,874,757,757,757,874,874,874,874,874,874,874,874,757,874,
874,757,874,874,874,874,874,874,874,874,757,874,757,757,757,757,757,757,757,757,874,757,874,874,874,874,874,874,874,874,757,874,
874,757,874,874,874,874,874,874,874,874,757,874,874,874,874,757,874,874,874,874,874,757,874,874,874,874,874,874,874,874,757,874,
874,757,757,757,757,757,757,757,757,757,757,757,757,757,757,757,757,757,757,757,757,757,757,757,757,757,757,757,757,757,757,874,
874,874,874,874,874,874,874,874,874,874,874,874,874,874,874,874,874,874,874,874,874,874,874,874,874,874,874,874,874,874,874,874

[Entity]
# PowerUp
type=PowerUp
location=30,2,1,1

[Entity]
# PowerUp
type=PowerUp
location=1,1,1,1

[Entity]
# PowerUp
type=PowerUp
location=1,30,1,1

[Entity]
# PowerUp
type=PowerUp
location=29,30,1,1

[Entity]
# Jewel
type=Jewel
location=20,4,1,1

[Entity]
# Jewel
type=Jewel
location=12,27,1,1

[Entity]
# Jewel
type=Jewel
location=25,31,1,1

[Entity]
# Jewel
type=Jewel
location=20,30,1,1

[Entity]
# Jewel
type=Jewel
location=15,30,1,1

[Entity]
# Jewel
type=Jewel
location=9,31,1,1

[Entity]
# Jewel
type=Jewel
location=5,30,1,1

[Entity]
# Jewel
type=Jewel
location=1,27,1,1

[Entity]
# Jewel
type=Jewel
location=1,22,1,1

[Entity]
# Jewel
type=Jewel
location=6,21,1,1

[Entity]
# Jewel
type=Jewel
location=6,25,1,1

[Entity]
# Jewel
type=Jewel
location=10,23,1,1

[Entity]
# Jewel
type=Jewel
location=15,26,1,1

[Entity]
# Jewel
type=Jewel
location=17,29,1,1

[Entity]
# Jewel
type=Jewel
location=14,25,1,1

[Entity]
# Jewel
type=Jewel
location=20,24,1,1

[Entity]
# Jewel
type=Jewel
location=25,25,1,1

[Entity]
# Jewel
type=Jewel
location=30,26,1,1

[Entity]
# Jewel
type=Jewel
location=29,22,1,1

[Entity]
# Jewel
type=Jewel
location=25,21,1,1

[Entity]
# Jewel
type=Jewel
location=25,11,1,1

[Entity]
# Jewel
type=Jewel
location=25,7,1,1

[Entity]
# Jewel
type=Jewel
location=30,5,1,1

[Entity]
# Jewel
type=Jewel
location=25,1,1,1

[Entity]
# Jewel
type=Jewel
location=21,1,1,1

[Entity]
# Jewel
type=Jewel
location=16,1,1,1

[Entity]
# Jewel
type=Jewel
location=8,2,1,1

[Entity]
# Jewel
type=Jewel
location=4,1,1,1

[Entity]
# Jewel
type=Jewel
location=0,5,1,1

[Entity]
# Jewel
type=Jewel
location=1,10,1,1

[Entity]
# Jewel
type=Jewel
location=3,16,1,1

[Entity]
# Jewel
type=Jewel
location=23,16,1,1

[Entity]
# Jewel
type=Jewel
location=15,20,1,1

[Entity]
# Jewel
type=Jewel
location=8,20,1,1

[Entity]
# Jewel
type=Jewel
location=2,19,1,1

[Entity]
# Jewel
type=Jewel
location=22,20,1,1

[Entity]
# Jewel
type=Jewel
location=28,20,1,1

[Entity]
# Jewel
type=Jewel
location=27,16,1,1

[Entity]
# Jewel
type=Jewel
location=17,3,1,1

[Entity]
# Jewel
type=Jewel
location=12,5,1,1

[Entity]
# Jewel
type=Jewel
location=9,7,1,1

[Entity]
# Jewel
type=Jewel
location=7,12,1,1

[Entity]
# Jewel
type=Jewel
location=16,14,1,1

[Entity]
# Jewel
type=Jewel
location=16,7,1,1

[Entity]
# Enemy
type=Enemy
location=22,8,1,1

[Entity]
# Enemy
type=Enemy
location=9,4,1,1

[Entity]
# Enemy
type=Enemy
location=4,13,1,1

[Entity]
# Enemy
type=Enemy
location=30,11,1,1

[Entity]
# Player
type=Player
location=11,25,1,1

