[header]
width=32
height=36
tilewidth=16
tileheight=16
orientation=orthogonal

[tilesets]
tileset=../../../Gamepro/CS3113/assets/graphics/Platformer assets pixel (900 assets)/spritesheet_rgba.png,23,23,0,0

[layer]
type=Tile Layer 1
data=
876,876,876,876,876,876,876,876,876,876,876,876,876,876,876,876,876,876,876,876,876,876,876,876,876,876,876,876,876,876,876,876,
876,725,725,725,725,725,725,725,725,725,725,725,725,725,725,725,725,725,725,725,725,725,725,725,725,725,725,725,725,725,725,876,
876,725,725,725,725,725,725,725,725,725,725,725,725,725,725,725,725,725,725,876,876,725,725,725,725,725,725,725,725,725,725,876,
876,725,725,725,725,725,725,725,725,725,725,725,725,725,725,725,725,725,876,640,640,876,725,725,725,725,725,725,725,725,725,876,
876,725,725,725,725,725,725,725,725,725,725,725,725,725,725,725,725,876,640,640,498,498,725,725,725,725,725,725,725,725,725,876,
876,725,725,725,725,725,725,725,725,725,725,725,725,725,725,725,725,876,640,498,498,876,725,725,725,725,725,725,725,725,725,876,
876,725,725,725,725,725,725,725,725,725,725,725,725,725,725,876,876,876,498,498,498,876,725,876,876,876,725,725,725,725,725,876,
876,725,725,725,725,725,725,725,725,725,725,725,725,725,876,785,785,876,498,498,498,498,876,640,640,640,876,876,725,725,725,876,
876,725,725,725,725,725,725,725,725,725,725,725,725,725,876,785,785,876,640,498,498,640,640,640,640,498,498,640,876,725,725,876,
876,725,725,725,725,725,725,725,725,725,725,725,725,725,725,876,876,876,640,640,640,640,640,640,640,640,876,498,876,725,725,876,
876,725,725,725,725,725,725,725,725,725,725,725,725,725,876,785,876,640,640,640,640,640,640,640,640,640,640,640,640,876,725,876,
876,725,725,725,725,725,725,725,725,725,725,725,725,725,876,785,876,640,640,640,640,640,640,640,640,640,640,640,640,876,725,876,
876,725,725,725,725,725,725,725,725,725,725,725,725,725,725,876,876,640,640,640,640,640,498,876,640,640,640,640,640,876,725,876,
876,725,725,725,725,725,725,725,725,725,725,725,725,725,725,876,785,876,640,640,640,640,498,876,640,640,640,640,640,876,725,876,
876,725,725,725,725,725,725,725,725,725,725,725,725,725,725,876,785,876,640,640,640,498,876,876,640,640,640,640,640,876,725,876,
876,725,725,725,725,725,725,725,725,725,725,725,725,725,725,876,876,876,640,498,498,498,498,498,876,640,640,640,876,725,725,876,
876,725,725,725,725,725,725,725,725,725,725,725,725,725,876,785,876,640,640,498,498,876,498,498,498,876,876,876,725,725,725,876,
876,725,725,725,725,725,725,725,725,725,725,725,725,725,725,876,876,640,640,498,876,725,876,876,876,725,725,725,725,725,725,876,
876,725,725,725,725,725,725,876,725,876,876,876,876,725,876,876,640,640,498,876,725,725,725,725,725,725,725,725,725,725,725,876,
876,725,725,725,876,876,876,498,876,782,785,785,498,876,498,876,640,640,498,876,725,725,725,725,725,725,725,725,725,725,725,876,
876,725,725,725,876,640,876,498,876,782,782,782,785,876,498,876,640,640,498,876,725,725,725,725,725,725,725,725,725,725,725,876,
876,725,725,725,725,876,640,876,498,876,876,876,876,498,498,640,876,498,498,876,725,725,725,725,725,725,725,725,725,725,725,876,
876,725,725,725,725,876,640,876,498,498,498,498,498,876,876,876,876,498,876,725,725,725,725,725,725,725,725,725,725,725,725,876,
876,725,725,725,725,876,498,640,876,876,876,876,876,876,785,876,640,498,876,725,725,725,725,725,725,725,725,725,725,725,725,876,
876,725,725,725,725,725,876,498,640,640,640,876,785,785,876,876,498,498,876,725,725,725,725,725,725,725,725,725,725,725,725,876,
876,725,725,725,725,725,876,498,498,498,498,876,785,876,498,498,498,876,725,725,725,725,725,725,725,725,725,725,725,725,725,876,
876,725,725,725,725,725,725,876,498,498,876,785,785,785,876,498,498,876,725,725,725,725,725,725,725,725,725,725,725,725,725,876,
876,725,725,725,725,725,725,876,498,876,876,785,785,785,876,498,876,725,725,725,725,725,725,725,725,725,725,725,725,725,725,876,
876,725,725,725,725,725,725,725,876,876,498,876,876,876,498,876,725,725,725,725,725,725,725,725,725,725,725,725,725,725,725,876,
876,725,725,725,725,725,725,725,725,876,876,876,876,876,876,725,725,725,725,725,725,725,725,725,725,725,725,725,725,725,725,876,
876,725,725,725,725,725,725,725,876,782,782,782,782,782,876,725,725,725,725,725,725,725,725,725,725,725,725,725,725,725,725,876,
876,725,725,725,725,725,725,725,876,782,782,782,782,782,498,876,725,725,725,725,725,725,725,725,725,725,725,725,725,725,725,876,
876,725,725,725,725,725,725,725,876,782,782,782,782,782,782,876,725,725,725,725,725,725,725,725,725,725,725,725,725,725,725,876,
876,725,725,725,725,725,725,725,876,876,876,876,876,876,876,876,725,725,725,725,725,725,725,725,725,725,725,725,725,725,725,876,
876,725,725,725,725,725,725,725,725,725,725,725,725,725,725,725,725,725,725,725,725,725,725,725,725,725,725,725,725,725,725,876,
876,876,876,876,876,876,876,876,876,876,876,876,876,876,876,876,876,876,876,876,876,876,876,876,876,876,876,876,876,876,876,876

[Entity]
# Player
type=Player
location=20,33,1,1

[Entity]
# PowerUp
type=PowerUp
location=20,22,1,1

[Entity]
# PowerUp
type=PowerUp
location=9,14,1,1

[Entity]
# PowerUp
type=PowerUp
location=2,27,1,1

[Entity]
# Enemy
type=Enemy
location=27,3,1,1

[Entity]
# Enemy
type=Enemy
location=2,5,1,1

[Entity]
# Enemy
type=Enemy
location=2,33,1,1

[Entity]
# Jewel
type=Jewel
location=26,30,1,1

[Entity]
# Jewel
type=Jewel
location=18,29,1,1

[Entity]
# Jewel
type=Jewel
location=26,21,1,1

[Entity]
# Jewel
type=Jewel
location=3,16,1,1

[Entity]
# Jewel
type=Jewel
location=7,6,1,1

[Entity]
# Jewel
type=Jewel
location=4,30,1,1

[Entity]
# Jewel
type=Jewel
location=1,8,1,1

[Entity]
# Jewel
type=Jewel
location=18,7,1,1

[Entity]
# Jewel
type=Jewel
location=23,3,1,1

[Entity]
# Jewel
type=Jewel
location=28,7,1,1

